2.837181091308593750e-05 5.830951894845300743e+00
6.469794988632202148e+00 5.732335986668039673e+00
7.411151885986328125e+00 5.657053062954172873e+00
8.486405849456787109e+00 5.574351104880128638e+00
9.362647771835327148e+00 5.501741951298990685e+00
1.151362705230712891e+01 5.412171533112653421e+00
1.245637369155883789e+01 5.339738738625046111e+00
1.319681096076965332e+01 5.269441438012790080e+00
1.397203373908996582e+01 5.194634868507058911e+00
1.468204331398010254e+01 5.123026830436002932e+00
1.545569944381713867e+01 5.050637882323016470e+00
1.616319108009338379e+01 4.979228466811134624e+00
1.690314507484436035e+01 4.907769522150422503e+00
1.767920923233032227e+01 4.832635006898672536e+00
3.186818838119506836e+01 4.880592174177842857e+00
3.307681512832641602e+01 4.938314527014325606e+00
3.395040440559387207e+01 4.979154547111541262e+00
3.469146490097045898e+01 5.019960252991695349e+00
3.546509814262390137e+01 5.061530801134740187e+00
3.617185235023498535e+01 5.103745123137543693e+00
3.691261649131774902e+01 5.146876748455158967e+00
4.371491217613220215e+01 5.169729806017651974e+00
5.192649817466735840e+01 5.138233866212861933e+00
5.879843783378601074e+01 5.076128471738134529e+00
6.158115386962890625e+01 5.022224335243967275e+00
6.255704784393310547e+01 4.955561210844888542e+00
6.343075156211853027e+01 4.902881416556580163e+00
6.420670032501220703e+01 4.849910958696700192e+00
6.491676545143127441e+01 4.797218501563357940e+00
6.565747690200805664e+01 4.744846645072282598e+00
6.640102195739746094e+01 4.691971923201733397e+00
6.717325353622436523e+01 4.639998753772392348e+00
6.794854974746704102e+01 4.585109892007845467e+00
6.865455770492553711e+01 4.532451730622127251e+00
6.942914390563964844e+01 4.479542131269846017e+00
7.017138004302978516e+01 4.427019979975562514e+00
7.520280623435974121e+01 4.349265079185189009e+00
7.634683775901794434e+01 4.294587493705885883e+00
7.822675490379333496e+01 4.238421685977723286e+00
7.913600754737854004e+01 4.192751542035656698e+00
7.991152858734130859e+01 4.145705907020704295e+00
8.061968398094177246e+01 4.101571741487824774e+00
8.139592838287353516e+01 4.057838775780831853e+00
8.210185337066650391e+01 4.014911661755669492e+00
8.284680819511413574e+01 3.972339148126209807e+00
8.358699965476989746e+01 3.930246598484576026e+00
8.436075425148010254e+01 3.889329862017219419e+00
8.510361313819885254e+01 3.849219086825124148e+00
8.584285521507263184e+01 3.807650505935182395e+00
8.658553504943847656e+01 3.768471644180996005e+00
8.735925006866455078e+01 3.730051557842537502e+00
9.379835009574890137e+01 3.646748476662135641e+00
1.025797369480133057e+02 3.562821581487896960e+00
1.089789958000183105e+02 3.487225355390900727e+00
1.151206293106079102e+02 3.447381896275552027e+00
1.216876668930053711e+02 3.434599510683326251e+00
1.255115227699279785e+02 3.425108237603185835e+00
1.285964455604553223e+02 3.420893715366136068e+00
1.314817376136779785e+02 3.417970084812626652e+00
1.336629102230072021e+02 3.414663919390853231e+00
1.345708725452423096e+02 3.410653372761885294e+00
1.352781004905700684e+02 3.408529344693802976e+00
1.361206610202789307e+02 3.408561483238474743e+00
1.374302082061767578e+02 3.410948628235590974e+00
1.383367860317230225e+02 3.414265631503768272e+00
1.430957567691802979e+02 3.422839233006695903e+00
1.457138209342956543e+02 3.415582445678348567e+00
1.472256097793579102e+02 3.405429814155908730e+00
1.484359531402587891e+02 3.412670354110285409e+00
1.525573201179504395e+02 3.412072320996248020e+00
1.547739896774291992e+02 3.422360199385133139e+00
1.558154609203338623e+02 3.435301672439492915e+00
1.565231032371520996e+02 3.448989946366826320e+00
1.572647016048431396e+02 3.463986456185941698e+00
1.580378446578979492e+02 3.480300178525929766e+00
1.587461397647857666e+02 3.498130963120718917e+00
1.595202753543853760e+02 3.517228709106216655e+00
1.602295687198638916e+02 3.537543564560418741e+00
1.610373272895812988e+02 3.560416067567159448e+00
1.617803919315338135e+02 3.583366990258178841e+00
1.625222477912902832e+02 3.607530464515277480e+00
1.632283837795257568e+02 3.632989537930872093e+00
1.639699783325195312e+02 3.660019233243748449e+00
1.647446560859680176e+02 3.689291660721582655e+00
1.654848101139068604e+02 3.718408201357836784e+00
1.663597612380981445e+02 3.754497610760053394e+00
1.673014569282531738e+02 3.787086567041240137e+00
1.680428435802459717e+02 3.820622395894836210e+00
1.687489652633666992e+02 3.855072361136274051e+00
1.694917581081390381e+02 3.890901662412562523e+00
1.702656729221343994e+02 3.929192784477034017e+00
1.710066401958465576e+02 3.966613330409793914e+00
1.791490128040313721e+02 4.041842140410465412e+00
1.850829679965972900e+02 4.140314745232190674e+00
1.918877885341644287e+02 4.223472936037591552e+00
1.971878526210784912e+02 4.277846604144857956e+00
2.026164133548736572e+02 4.315899504322086244e+00
2.104682567119598389e+02 4.343101558752154645e+00
2.113764719963073730e+02 4.360505652337554494e+00
2.121510055065155029e+02 4.381155659872505659e+00
2.128912994861602783e+02 4.402194049295759193e+00
2.136324944496154785e+02 4.424150174054502394e+00
2.143731424808502197e+02 4.447317117918112572e+00
2.151831293106079102e+02 4.472163249794508744e+00
2.158910536766052246e+02 4.497055625990793004e+00
2.166654558181762695e+02 4.522950330947408837e+00
2.174062862396240234e+02 4.551484734373036467e+00
2.181471252441406250e+02 4.579958107150853941e+00
2.189224455356597900e+02 4.610531437785983400e+00
2.196630613803863525e+02 4.641126411362090920e+00
2.204400522708892822e+02 4.672837274638450111e+00
2.211819996833801270e+02 4.705606115173873505e+00
2.218885748386383057e+02 4.739316143309038942e+00
2.226645452976226807e+02 4.774252402303623022e+00
2.233734843730926514e+02 4.810375073281061731e+00
2.277014040946960449e+02 4.862821541112244184e+00
2.287423167228698730e+02 4.898018640981423921e+00
2.294835121631622314e+02 4.933611335888214100e+00
2.302900321483612061e+02 4.971278404093713021e+00
2.309964213371276855e+02 5.008166667610019829e+00
2.317724068164825439e+02 5.045925403723792613e+00
2.325158076286315918e+02 5.085912458226538924e+00
2.332936728000640869e+02 5.124645796976048828e+00
2.340005381107330322e+02 5.164197148405359705e+00
2.347425887584686279e+02 5.204187104503244399e+00
2.403711986541748047e+02 5.217303236936771782e+00
2.488861789703369141e+02 5.220545926339791087e+00
2.549223334789276123e+02 5.180683113489040537e+00
2.617948555946350098e+02 5.112697277902147341e+00
2.626705675125122070e+02 5.057075348023588823e+00
2.634448673725128174e+02 5.000103961186578516e+00
2.641868641376495361e+02 4.945656190716952949e+00
2.649601235389709473e+02 4.889181209475342627e+00
2.657335417270660400e+02 4.835739656853621504e+00
2.664767622947692871e+02 4.781736864686894073e+00
2.672498760223388672e+02 4.725277497443823194e+00
2.679561893939971924e+02 4.671550480177632636e+00
2.687327439785003662e+02 4.615905857824939673e+00
2.695080225467681885e+02 4.560262269225281884e+00
2.704161229133605957e+02 4.497776568911765693e+00
2.733297870159149170e+02 4.432344369181102195e+00
2.742409253120422363e+02 4.383529461062126487e+00
2.750216367244720459e+02 4.336714851288099304e+00
2.757315425872802734e+02 4.289511984969386127e+00
2.765087466239929199e+02 4.242727464093881018e+00
2.772519514560699463e+02 4.193903670860666288e+00
2.780267517566680908e+02 4.147607213410295479e+00
2.787741982936859131e+02 4.099794687121440795e+00
2.795089836120605469e+02 4.054138464045558443e+00
2.802803666591644287e+02 4.008549188290148280e+00
2.809868252277374268e+02 3.963496871392198528e+00
2.862733261585235596e+02 3.893218148064189421e+00
2.872182986736297607e+02 3.853196443825594564e+00
2.879550578594207764e+02 3.814857572950387965e+00
2.886942744255065918e+02 3.777269410317093179e+00
2.894055390357971191e+02 3.740302442298665486e+00
2.988341135978698730e+02 3.655602767244859219e+00
3.047779908180236816e+02 3.568934988486277771e+00
3.106250176429748535e+02 3.504681024563689018e+00
3.175307343006134033e+02 3.451020169539517735e+00
3.278547461032867432e+02 3.431305598952906877e+00
3.291312851905822754e+02 3.407894593291566743e+00
3.322500507831573486e+02 3.398448122140659944e+00
3.351019859313964844e+02 3.378921298119623273e+00
3.390604991912841797e+02 3.354540552458380454e+00
3.430500490665435791e+02 3.325965485188153714e+00
3.443940696716308594e+02 3.305259150479922692e+00
3.452357137203216553e+02 3.302529840618465329e+00
3.459758279323577881e+02 3.300856414263913408e+00
3.467497365474700928e+02 3.300588046653392116e+00
3.474563217163085938e+02 3.302068095718067031e+00
3.599501521587371826e+02 3.213787293139949153e+00
3.608581585884094238e+02 3.141723280594395984e+00
3.615643680095672607e+02 3.069149625378153612e+00
3.623047249317169189e+02 2.996868499501938565e+00
3.633143084049224854e+02 2.912121822083615363e+00
3.642573707103729248e+02 2.841144931463869039e+00
3.649653131961822510e+02 2.768744201541997185e+00
3.659735941886901855e+02 2.684831235306630592e+00
3.669506592750549316e+02 2.611801799359172893e+00
3.676944205760955811e+02 2.536292114813571086e+00
3.757708027362823486e+02 2.449186228314727209e+00
3.766839389801025391e+02 2.377397472128440548e+00
3.774248502254486084e+02 2.305444105946424571e+00
3.923991966247558594e+02 2.304777715337781530e+00
3.967890827655792236e+02 2.312065845455530511e+00
3.981315774917602539e+02 2.311108135582554901e+00
3.992068638801574707e+02 2.326388409329902984e+00
4.026273512840270996e+02 2.332039331584561115e+00
4.036043601036071777e+02 2.345107635336891150e+00
4.043768041133880615e+02 2.361931126821656068e+00
4.051181764602661133e+02 2.380173387507999561e+00
4.058927152156829834e+02 2.400719849267074935e+00
4.066025278568267822e+02 2.423291799823927395e+00
4.164819340705871582e+02 2.424235523316122354e+00
4.229463295936584473e+02 2.376494029403788844e+00
4.288793916702270508e+02 2.301062296868235713e+00
4.354797186851501465e+02 2.224030743657447129e+00
4.392353031635284424e+02 2.150141594561135960e+00
4.437601556777954102e+02 2.077381712870700170e+00
4.452380475997924805e+02 1.987707995634186986e+00
4.462131683826446533e+02 1.923792461970983636e+00
4.469184498786926270e+02 1.860770337520284867e+00
4.476929020881652832e+02 1.798340486109799130e+00
4.484321265220642090e+02 1.736576986397499356e+00
4.491741743087768555e+02 1.672254803793716826e+00
4.499482572078704834e+02 1.609723970844917140e+00
4.506888387203216553e+02 1.551144927841219490e+00
4.514312393665313721e+02 1.493220235067449941e+00
4.522390847206115723e+02 1.436794785522443441e+00
4.529801228046417236e+02 1.382933048725699221e+00
4.537199819087982178e+02 1.330493270222518065e+00
4.544269766807556152e+02 1.280272140272895154e+00
4.551670289039611816e+02 1.232394045707330799e+00
4.559081823825836182e+02 1.186757773672239002e+00
4.566491336822509766e+02 1.143667176009245390e+00
4.629830691814422607e+02 1.082101607347909278e+00
4.734704644680023193e+02 9.732587228902754850e-01
4.805126690864562988e+02 8.793547348139928443e-01
4.861474699974060059e+02 8.292906859856997714e-01
4.930847928524017334e+02 7.900269252962361932e-01
4.939583513736724854e+02 7.653814271262515678e-01
4.947339951992034912e+02 7.461748734110840164e-01
4.972502801418304443e+02 7.313370073592447840e-01
4.981579964160919189e+02 7.312353563645049848e-01
4.988989481925964355e+02 7.378713336280039448e-01
4.997086880207061768e+02 7.521912728967395934e-01
5.004492323398590088e+02 7.729152573743230947e-01
5.012237031459808350e+02 7.983649499390665927e-01
5.019319570064544678e+02 8.289135695010417804e-01
5.027064023017883301e+02 8.662607742521791776e-01
5.034473624229431152e+02 9.062495578992464385e-01
5.042232615947723389e+02 9.515679533723889749e-01
5.049980504512786865e+02 9.983634242265035930e-01
5.057402994632720947e+02 1.049557923920680924e+00
5.065147633552551270e+02 1.100999884044116195e+00
5.073556351661682129e+02 1.164066484600883022e+00
5.081954519748687744e+02 1.222879631277286938e+00
5.089804408550262451e+02 1.280982966376297716e+00
5.096880884170532227e+02 1.340363465716783775e+00
5.104274349212646484e+02 1.400754167186507360e+00
5.133464357852935791e+02 1.476714339046340196e+00
5.202151768207550049e+02 1.568895749234527459e+00
5.216586005687713623e+02 1.644046760903230542e+00
5.246769299507141113e+02 1.722314130123206777e+00
5.277608900070190430e+02 1.798706432417690015e+00
5.308793687820434570e+02 1.876174667779655358e+00
5.336294028759002686e+02 1.959528090940154899e+00
5.375836248397827148e+02 2.043724619293645350e+00
5.420091123580932617e+02 2.141043351957997221e+00
5.433308694362640381e+02 2.232030512271995004e+00
5.442714700698852539e+02 2.304991762496685137e+00
5.450118520259857178e+02 2.374375724936503840e+00
5.457538225650787354e+02 2.443446315441988315e+00
5.464946734905242920e+02 2.516124522137103359e+00
5.472351682186126709e+02 2.585566389243906915e+00
5.479765896797180176e+02 2.655043144957476287e+00
5.527345626354217529e+02 2.749757362221961987e+00
5.541456301212310791e+02 2.842829492511276257e+00
5.573821318149566650e+02 2.933266767945224007e+00
5.623754568099975586e+02 3.003383738046236040e+00
5.670694062709808350e+02 3.072046779402378469e+00
5.743442451953887939e+02 3.148167130718658946e+00
5.790029711723327637e+02 3.197117642777855817e+00
5.852046978473663330e+02 3.235009029855670626e+00
5.904316270351409912e+02 3.249486467203344553e+00
5.952940502166748047e+02 3.245886123412687674e+00
6.003882708549499512e+02 3.222234045540865122e+00
6.085649180412292480e+02 3.180230829383746016e+00
6.154351272583007812e+02 3.121202369129740806e+00
6.217377402782440186e+02 3.070567229171239365e+00
6.224797627925872803e+02 3.024479343556624400e+00
6.232201795578002930e+02 2.979974269821082711e+00
6.239943394660949707e+02 2.933625387654814176e+00
6.247374382019042969e+02 2.890435068211655967e+00
6.278227138519287109e+02 2.830400856788763519e+00
6.309085562229156494e+02 2.789523219247199481e+00
6.324540333747863770e+02 2.750754506322256265e+00
6.333323974609375000e+02 2.713660656039440955e+00
6.341062846183776855e+02 2.678339561214671427e+00
6.348128323554992676e+02 2.644150747405634050e+00
6.355875816345214844e+02 2.609034609004268646e+00
6.363270256519317627e+02 2.577306042798017227e+00
6.370687437057495117e+02 2.547226606844538832e+00
6.417282998561859131e+02 2.503083430340501625e+00
6.439080276489257812e+02 2.483272249063260162e+00
6.465627498626708984e+02 2.472470492199860814e+00
6.480067179203033447e+02 2.461254497393732255e+00
6.488828999996185303e+02 2.442842851129530146e+00
6.496229274272918701e+02 2.426407591148651122e+00
6.503637602329254150e+02 2.412157382011197004e+00
6.511055059432983398e+02 2.399816680139578828e+00
6.519139168262481689e+02 2.392231787573567914e+00
6.526545779705047607e+02 2.388287751306078732e+00
6.534293165206909180e+02 2.386764062853030222e+00
6.541717934608459473e+02 2.387462573382706843e+00
6.549462280273437500e+02 2.390394520643633669e+00
6.556537637710571289e+02 2.395562793161103876e+00
6.563941063880920410e+02 2.402801088863135703e+00
6.571341385841369629e+02 2.412395145229657256e+00
6.579085006713867188e+02 2.424492866865814999e+00
6.586501951217651367e+02 2.439461110437144864e+00
6.594262740612030029e+02 2.456007771784789018e+00
6.601661221981048584e+02 2.475659838484431496e+00
6.609076507091522217e+02 2.496381362482747779e+00
6.616834480762481689e+02 2.519103553108572147e+00
6.687599225044250488e+02 2.515510916341431091e+00
6.741871347427368164e+02 2.488132592780408991e+00
6.786795072555541992e+02 2.449069706587600592e+00
6.896405372619628906e+02 2.360841347927639333e+00
6.965809495449066162e+02 2.276727444965664926e+00
7.015773215293884277e+02 2.194695954814254168e+00
7.049982135295867920e+02 2.121175671294123433e+00
7.065769178867340088e+02 2.036825842293229716e+00
7.074883100986480713e+02 1.972138174288636803e+00
7.082298140525817871e+02 1.910349274372083350e+00
7.090084543228149414e+02 1.846562314803192439e+00
7.099224720001220703e+02 1.775982056096506501e+00
7.127673699855804443e+02 1.695879169524624031e+00
7.153903639316558838e+02 1.628778760303350337e+00
7.192186405658721924e+02 1.570975479548129439e+00
7.231432831287384033e+02 1.514194019432250959e+00
7.260019898414611816e+02 1.459334812458278119e+00
7.274457480907440186e+02 1.402725008995526990e+00
7.283200550079345703e+02 1.356440082044549245e+00
7.290277915000915527e+02 1.311268339760671253e+00
7.297688562870025635e+02 1.269172361012125050e+00
7.305437791347503662e+02 1.229419283136442109e+00
7.368485457897186279e+02 1.171191861109965426e+00
7.432509124279022217e+02 1.081774376822669304e+00
7.487092361450195312e+02 9.952898831028571536e-01
7.532674977779388428e+02 9.199822578348159086e-01
7.632549297809600830e+02 8.398569372608707395e-01
7.685165746212005615e+02 7.712955515899926340e-01
7.744134101867675781e+02 7.285166548338652959e-01
7.753563270568847656e+02 7.015469219576985216e-01
7.760978119373321533e+02 6.798957923446032892e-01
7.866761248111724854e+02 5.867854212819310078e-01
7.875507864952087402e+02 5.155609816608035523e-01
7.882946820259094238e+02 4.434367502824052565e-01
7.890697257518768311e+02 3.682747910626079091e-01
7.898173115253448486e+02 2.960340951934107845e-01
7.905604205131530762e+02 2.238641749423750382e-01
7.913342125415802002e+02 1.486324885165629384e-01
7.982047214508056641e+02 4.606881560368086131e-02
7.982051727771759033e+02 4.606881560368086131e-02
