8.705987120049750450e-02 3.644030744501024904e-02
1.589941673969109959e-01 7.604015861997771852e-02
2.333710797326692399e-01 1.243986984275631952e-01
3.070621637247527569e-01 1.653731767519709406e-01
3.806881848426866277e-01 2.049367015869714148e-01
4.442190340174020924e-01 2.405529323040183076e-01
5.064630824559718247e-01 2.759230735789580113e-01
5.692979991299911280e-01 3.135823361025577571e-01
6.300961051102059729e-01 3.514614136563992686e-01
6.893891826712587045e-01 3.895447908883204469e-01
7.701617122144271965e-01 4.438396200743256470e-01
8.508278167982782358e-01 4.858875360359976581e-01
8.529493321330493538e-01 3.976059685936618182e-01
8.388981470179828204e-01 3.003944384962774494e-01
8.256087614163812871e-01 2.072993099667165551e-01
8.138499321925214414e-01 1.075370556865563459e-01
8.019979113031029394e-01 8.188358619508256941e-03
7.899897716193772235e-01 -9.095473612693140419e-02
8.443664525480438776e-01 -1.601896879207737601e-01
9.209224781888410982e-01 -2.170014888645470652e-01
1.003277532617551815e+00 -2.243904156297458485e-01
1.089423033000214147e+00 -2.283264394048259704e-01
1.161472932265384062e+00 -2.306758501628829172e-01
1.257460405738131337e+00 -2.352068324368477015e-01
1.330515200304299928e+00 -2.366202177091036307e-01
1.406211672129808798e+00 -2.384409033993594718e-01
1.478212676710733753e+00 -2.404269634215582263e-01
1.553857885164424690e+00 -2.428015994232544938e-01
1.626309970018363638e+00 -2.454298497556487990e-01
1.710636421216392922e+00 -2.489346978896295748e-01
1.798010768862637887e+00 -2.524725327330675784e-01
1.874255771140792559e+00 -2.548112459976291655e-01
1.946956647351846037e+00 -2.574615215059651296e-01
2.030869068012973955e+00 -2.611239478294675731e-01
2.119794077371450758e+00 -2.648668273063127798e-01
2.210448150716315840e+00 -2.686934818852163009e-01
2.314116379565217319e+00 -2.733023037518422793e-01
2.426123960537994506e+00 -2.790195773095480725e-01
2.519890386457778853e+00 -2.740142646104454238e-01
2.625972275034077708e+00 -2.652098537958870739e-01
2.698993555795736743e+00 -2.630598146966022788e-01
2.772154381347440744e+00 -2.619735826958008440e-01
2.844298125692798163e+00 -2.608509513935202695e-01
2.919881910166340244e+00 -2.593295441074544017e-01
2.992453215557513868e+00 -2.576363119627262943e-01
3.064561866122545553e+00 -2.560117741796099078e-01
3.138521209214505614e+00 -2.111855947247989473e-01
3.203122682984728797e+00 -1.497383032088673571e-01
3.244051558539584157e+00 -6.331112354951658194e-02
3.235619954591981262e+00 2.147832633785480214e-02
3.210139345556887847e+00 9.131592545537529915e-02
3.154903001675889662e+00 1.545449402031895958e-01
3.083128889346918644e+00 2.099948761382093854e-01
3.033506767335012455e+00 2.611752482955000954e-01
2.984511226353610436e+00 3.136668863848459110e-01
2.935287495362996157e+00 3.668146838661398568e-01
2.876104491514376527e+00 4.312731364842877224e-01
2.817816560365790313e+00 4.958942795514878488e-01
2.766067163264556594e+00 5.518079063111998028e-01
2.697298602011082735e+00 6.289225481053686284e-01
2.630169806435556978e+00 6.880618112569851785e-01
2.561278268115507739e+00 7.442231736858019309e-01
2.489442918759238843e+00 8.067590468345221533e-01
2.440117100036366171e+00 8.564852766922455007e-01
2.388840717201385022e+00 9.078588235479104762e-01
2.335539409397565436e+00 9.610913152203148790e-01
2.284629424505868478e+00 1.012057060687202359e+00
2.233445427159336472e+00 1.063491367016324407e+00
2.182569178677170374e+00 1.114578694472692311e+00
2.129594642941488924e+00 1.167820562877299517e+00
2.076209645283604743e+00 1.221727459100201418e+00
2.025824865813784736e+00 1.273103337795579160e+00
1.973286022089789427e+00 1.326824943093170450e+00
1.922808497374788761e+00 1.378570388159384930e+00
1.872285833144317513e+00 1.430374766384288954e+00
1.821994987003490385e+00 1.481858368945893956e+00
1.772091534522027612e+00 1.533230850683951374e+00
1.721705324257256198e+00 1.585346016270353209e+00
1.671413399506211483e+00 1.637361579574801107e+00
1.621565426092362205e+00 1.688922738874563567e+00
1.571334691423009300e+00 1.741068678696209515e+00
1.519296438772551161e+00 1.795540991068399927e+00
1.467415109725166422e+00 1.849972778153208486e+00
1.417694215753307674e+00 1.902247470399890172e+00
1.367902796157662859e+00 1.954990848363999945e+00
1.316081169774858894e+00 2.009849637486805118e+00
1.267207909034473889e+00 2.061741987501904294e+00
1.215397354520603157e+00 2.117004075846752098e+00
1.166341142079050597e+00 2.169743256215415084e+00
1.091069268930543235e+00 2.224583085600591925e+00
1.020677190462937478e+00 2.229018006204908087e+00
9.497933490885777097e-01 2.218058974743869705e+00
8.637419717357028848e-01 2.157613414825652498e+00
8.099314276490678921e-01 2.089150480928818610e+00
7.969530245004513569e-01 2.015567499621905512e+00
8.064083867605323919e-01 1.929562215914503165e+00
8.106954583178184182e-01 1.852612615201638668e+00
8.145387119310489865e-01 1.763497149280139009e+00
8.111555472890794594e-01 1.675459622952514938e+00
8.058062914805711463e-01 1.586462091399878593e+00
8.017129706196012284e-01 1.495359829718776234e+00
7.978994427990427907e-01 1.406862040663406255e+00
7.952645798729260918e-01 1.331275087753113873e+00
7.911324583390072496e-01 1.235301745085646496e+00
7.924979109338191607e-01 1.163102953734276079e+00
7.948543055844256022e-01 1.087307886343784613e+00
7.974059366998746956e-01 1.015174253541732519e+00
7.999880312060368981e-01 9.429279215683378235e-01
8.038536757729963789e-01 8.543260021965827233e-01
8.005161400061815424e-01 7.695140381316148970e-01
7.962796874277073833e-01 6.823946142812311599e-01
7.924360816225990423e-01 5.940107508221462718e-01
7.890454711928808207e-01 5.068389017731594892e-01
7.893615978041241821e-01 4.310209274503993826e-01
7.897306324377043607e-01 3.585611414650590745e-01
7.902071275068222045e-01 2.861972527844922065e-01
7.907593431309388743e-01 2.140922332058901589e-01
7.905535774587930664e-01 1.376859405575815432e-01
7.903048028796295643e-01 6.498140442306728215e-02
7.901620862945961665e-01 -7.359620003475586883e-03
8.203040053174662782e-01 -9.228765645011796637e-02
8.749138819893420571e-01 -1.761304935072848799e-01
9.451146498735658597e-01 -2.022459034441400072e-01
1.029775859545168704e+00 -2.100469329044698241e-01
1.102511335397444947e+00 -2.116808763312143238e-01
1.175027614103371310e+00 -2.138700098334447852e-01
1.266311354253774279e+00 -2.174284957027942389e-01
1.343092113249499064e+00 -2.199115435640270899e-01
1.429267373018404008e+00 -2.234790745017135316e-01
1.499847739848748418e+00 -2.258069125153610024e-01
1.571941167228725789e+00 -2.283048618872772217e-01
1.647379660612857899e+00 -2.311068458005998694e-01
1.732814880393396484e+00 -2.349251686542745410e-01
1.819163879736147793e+00 -2.385470384761643747e-01
1.891361383911365213e+00 -2.403732704285984900e-01
1.963394365229239824e+00 -2.422673695552882700e-01
2.053549674191199603e+00 -2.459931952674872802e-01
2.127292076922752795e+00 -2.470447002708073825e-01
2.199584254114478998e+00 -2.479213192093680240e-01
2.275226338553896888e+00 -2.487454132319450451e-01
2.347728813599382125e+00 -2.499983716202777984e-01
2.423358630232293365e+00 -2.516547039099257810e-01
2.495511242033930266e+00 -2.532737244042175262e-01
2.567798650911188751e+00 -2.551254629196540447e-01
2.639988995594522603e+00 -2.574474310295550850e-01
2.715477462454230828e+00 -2.600989991764025011e-01
2.821009647065224613e+00 -2.677265718237675229e-01
2.915654961897832909e+00 -2.724982581267798021e-01
3.007325273540297772e+00 -2.768688196182731431e-01
3.092082711270148998e+00 -2.538161329471447791e-01
3.150916000864507627e+00 -2.131871631877332862e-01
3.210026989269853637e+00 -1.436829620952581876e-01
3.229343753595827593e+00 -5.302840200581955543e-02
3.228860320903953696e+00 2.069503169713022075e-02
3.196380889717282070e+00 9.846235770168403068e-02
3.147174168655849869e+00 1.755930559721361472e-01
3.092599548136474308e+00 2.549304441582473379e-01
3.033503960660429044e+00 3.413463400960100591e-01
2.981421445243350732e+00 3.943115428434516012e-01
2.930965577784227616e+00 4.461285374451786634e-01
2.878524260106462673e+00 5.004327422359539090e-01
2.828475426664545989e+00 5.522532127317578698e-01
2.877089613808881730e+00 6.288690953629296754e-01
2.927560649550365657e+00 6.814941872806448142e-01
2.977443969966965476e+00 7.335563803221827328e-01
3.029958910026959273e+00 7.881682898599505771e-01
3.088310638323951807e+00 8.483666633489438391e-01
3.146916339668847762e+00 9.089465338259855587e-01
3.209026589434749166e+00 9.722834106538768006e-01
3.277382068621320865e+00 1.040874481031209386e+00
3.324838221595876053e+00 1.096736152484864890e+00
3.373808890499543800e+00 1.154016067220720920e+00
3.420742434440400714e+00 1.208625845610008298e+00
3.467808142419898765e+00 1.263276558557925533e+00
3.546613722937735691e+00 1.207323853489769228e+00
3.596285315602349542e+00 1.154456621570747910e+00
3.645644807301559265e+00 1.102007869934268358e+00
3.694487627025256682e+00 1.051255342235406509e+00
3.746778058057234961e+00 9.966903302182451574e-01
3.796440217363191927e+00 9.447421389951802251e-01
3.848860970692028260e+00 8.901203316844773505e-01
3.898736858066734534e+00 8.381444225791836455e-01
3.981752315975737311e+00 8.023175508227670116e-01
4.062601857011592266e+00 8.178269147771365377e-01
4.120712536401699211e+00 8.580392827980939385e-01
4.170424148998599811e+00 9.131562187387746166e-01
4.226381464798635079e+00 9.771569012031516843e-01
4.286319729617566132e+00 1.045460428552408727e+00
4.350191105732702290e+00 1.115654504030169525e+00
4.404133014959379366e+00 1.167110792110052753e+00
4.455636495046211287e+00 1.216662792297568796e+00
4.509215969230651488e+00 1.268811744223174776e+00
4.560265561150870894e+00 1.319051537312082578e+00
4.610660865027655042e+00 1.369742532890428910e+00
4.660646202277980876e+00 1.420934677415622405e+00
4.709260779304707434e+00 1.471897775232391403e+00
4.758044208566237110e+00 1.524265912910042653e+00
4.816445854512391378e+00 1.587886608249125198e+00
4.865826612858239919e+00 1.641353559445863919e+00
4.924232889348825637e+00 1.704936074354993725e+00
4.974620720454954181e+00 1.758603812654956355e+00
5.032274678068021423e+00 1.821614636510130669e+00
5.095558345034620018e+00 1.879367705888440598e+00
5.148436597836291817e+00 1.929576389793000279e+00
5.165289211881016307e+00 2.017734100614843040e+00
5.138926652383746685e+00 2.084707369673586275e+00
5.069482383957408800e+00 2.141964474587169320e+00
4.974355789180232357e+00 2.172145202021131816e+00
4.892221955575345227e+00 2.204154390905437300e+00
4.811594750338454851e+00 2.241756347169384878e+00
4.729971130741738250e+00 2.281123763625779066e+00
4.643345523055571356e+00 2.323110464570494305e+00
4.539114857539012782e+00 2.364007654609548759e+00
4.451005248577693862e+00 2.389327427156350492e+00
4.362009462966354612e+00 2.410351422506619823e+00
4.270633993354351787e+00 2.432650320151903411e+00
4.175389154932613422e+00 2.455860060196108030e+00
4.081877433929915533e+00 2.477233238135990501e+00
3.986088984304356764e+00 2.500374710380584453e+00
3.889596560770563372e+00 2.524362982822971890e+00
3.821779131247931893e+00 2.547698939915636451e+00
3.754436720142407591e+00 2.570673548936171837e+00
3.686762122129875419e+00 2.593588865944541411e+00
3.618942514496229723e+00 2.616604207736068499e+00
3.547773581653534070e+00 2.640156809435057372e+00
3.479685640357315979e+00 2.662211807415115317e+00
3.411644483042429510e+00 2.684073942076477426e+00
3.343686050597259207e+00 2.705112024069929788e+00
3.275293941435750700e+00 2.725754947022130281e+00
3.206862693932320152e+00 2.746284302792080911e+00
3.138439945565682176e+00 2.766383976888739937e+00
3.066960560944383296e+00 2.787208349382106043e+00
2.994983322348883981e+00 2.808083926178372991e+00
2.927632922016576433e+00 2.829471697477631498e+00
2.856165773651745621e+00 2.852147074145984007e+00
2.787792400311439600e+00 2.873446252049999483e+00
2.716025471940911373e+00 2.896005368338612218e+00
2.647418348348499428e+00 2.917371793524642598e+00
2.576236130618428266e+00 2.939486842744447603e+00
2.507963883260754923e+00 2.960733600320446524e+00
2.439372919946026563e+00 2.981928009793517464e+00
2.355544773846582451e+00 3.005130313388700181e+00
2.270354292122070738e+00 3.036891962493159625e+00
2.168399669946606600e+00 3.080124662454014839e+00
2.086394072011794609e+00 3.116753547057685036e+00
2.003141850562734305e+00 3.149677659163897303e+00
1.919904521165829436e+00 3.120681197631873793e+00
1.851361377345536630e+00 3.060067314461012877e+00
1.844444004955947181e+00 2.987848885106678676e+00
1.874030255579304027e+00 2.908442757989090577e+00
1.939440498309697336e+00 2.845087238970342547e+00
1.993222781816548439e+00 2.782180893508431563e+00
2.046262048060896621e+00 2.727495781553967547e+00
2.096083191736863416e+00 2.675899752040539870e+00
2.145999014993226872e+00 2.625013576673019600e+00
2.199186601392876472e+00 2.572205736431760759e+00
2.252726729231910419e+00 2.519643909993079856e+00
2.303847168252525002e+00 2.470276758300048225e+00
2.355859217034250719e+00 2.421152959921102799e+00
2.408051908683483067e+00 2.372806261692936847e+00
2.469621470931916640e+00 2.316798381788420347e+00
2.521837809563366672e+00 2.266705381124576313e+00
2.573677893009731932e+00 2.218436724324044818e+00
2.626464713159300413e+00 2.169662074296022869e+00
2.690817182428113519e+00 2.110806772067555404e+00
2.742393008296343471e+00 2.060867007893172786e+00
2.794240252245700606e+00 2.011279456626752005e+00
2.846201015463364126e+00 1.962555439910267152e+00
2.898637830202076771e+00 1.913904209563974002e+00
2.973312408826278119e+00 1.845755031643954602e+00
3.023269863547251468e+00 1.796555683215450117e+00
3.073987468727699568e+00 1.747789121450115113e+00
3.125771614385354447e+00 1.699598965956277574e+00
3.187937371966894418e+00 1.642483297536686981e+00
3.239121694985803046e+00 1.594044253079935691e+00
3.291603920338369793e+00 1.545232976916272483e+00
3.344216914810073327e+00 1.496718152214099984e+00
3.397415414367971565e+00 1.447443734943191895e+00
3.459262830363187380e+00 1.391041847475605220e+00
3.514647663392179933e+00 1.339068496713448964e+00
3.578604872806546044e+00 1.280265784148264530e+00
3.638388930422541190e+00 1.216037659979257057e+00
3.689583553417715045e+00 1.167465987497052771e+00
3.742056947964542246e+00 1.118726161160776167e+00
3.799621846972414119e+00 1.065721684105491951e+00
3.877740254196902825e+00 9.977541942100542904e-01
3.941681956088461281e+00 9.278685069720987721e-01
4.008661900164946168e+00 8.948810930366732919e-01
4.090258427381402662e+00 9.299109151567300779e-01
4.157957678794946155e+00 9.871605388400263026e-01
4.223107364526213381e+00 1.043970981131478570e+00
4.273597782657504673e+00 1.095303160975900525e+00
4.323255309262967749e+00 1.146404478145843342e+00
4.372660929137012431e+00 1.198334259233678534e+00
4.421294703058213926e+00 1.250476966425853931e+00
4.470437257264491926e+00 1.302949397531617981e+00
4.538346351267289691e+00 1.381513079294771629e+00
4.606900864437670329e+00 1.437202953228861046e+00
4.682571018072942515e+00 1.488067015038819108e+00
4.768546582147174639e+00 1.546738469275305894e+00
4.819119957505091811e+00 1.596442590308924103e+00
4.873394316886210831e+00 1.649104140025451581e+00
4.925374285981606093e+00 1.699126861390569232e+00
4.979615899245017907e+00 1.751500611966994914e+00
5.031504637216572817e+00 1.801387883694677949e+00
5.082981983472425469e+00 1.850921439292797954e+00
5.134876926337849312e+00 1.900861119308073555e+00
5.158680723054446915e+00 1.989188850500091421e+00
5.144331635132365577e+00 2.059893741509553955e+00
5.099677031936872496e+00 2.116551224965455891e+00
5.036784704382518463e+00 2.150388261736517759e+00
4.964862070410748451e+00 2.175127214932541353e+00
4.896924135198845285e+00 2.195901336732596132e+00
4.825387561461711883e+00 2.217225736821134774e+00
4.745044032384019950e+00 2.240422201979413330e+00
4.777492435065978427e+00 2.341096179595966831e+00
4.799810743964491699e+00 2.414108871537298029e+00
4.820930820869720357e+00 2.482083089389818031e+00
4.842780725840197142e+00 2.550006872791614754e+00
4.866650005291818459e+00 2.621385443983726748e+00
4.890324297467671499e+00 2.689315005236092571e+00
4.914600564103407621e+00 2.756748120711089545e+00
4.939530802112074070e+00 2.823921975540401252e+00
4.968803848234886189e+00 2.899862497457287080e+00
4.999695637191848618e+00 2.979164851954202220e+00
4.999695637191848618e+00 2.979164851954202220e+00
