9.190952642684117879e-02 3.852675729294307433e-02
1.552735762663128294e-01 7.923379294819425656e-02
2.242538503572479303e-01 1.249975731052446332e-01
2.850047516921263013e-01 1.648660865635650785e-01
3.596570777849393274e-01 2.145344611567063242e-01
4.217591920910724324e-01 2.518149804697621952e-01
4.823171817414332874e-01 2.875186595558611446e-01
5.465853197810049968e-01 3.258030919322175700e-01
6.078285072589296734e-01 3.629119309890627143e-01
6.695654993057610360e-01 4.007154727592134313e-01
7.301285370012470244e-01 4.385719189929924711e-01
7.904600671010474366e-01 4.769115679632493499e-01
8.535561413774956918e-01 5.177904123152186067e-01
8.497010692911891594e-01 4.318880950388263584e-01
8.417071539407008363e-01 3.362524567570644440e-01
8.414433935933717246e-01 2.616817286273443455e-01
8.408460842888089148e-01 1.890500454400267649e-01
8.399760195036168886e-01 1.167215652090221739e-01
8.390348354613418325e-01 4.456717527769997467e-02
8.379476804247588673e-01 -2.781451758635714033e-02
8.665729770717228719e-01 -1.049778281581311146e-01
9.427138929484735197e-01 -1.527570013281140948e-01
1.029157251295355513e+00 -1.621967248497160063e-01
1.100048428037515347e+00 -1.643506458456928943e-01
1.189195237604167010e+00 -1.678626828402292326e-01
1.259944893424548962e+00 -1.702104006823819682e-01
1.331368120102574437e+00 -1.721879574020560855e-01
1.402714272999519673e+00 -1.737738971231732321e-01
1.473770534088367778e+00 -1.747874635934695553e-01
1.545510117018235929e+00 -1.750748300614920205e-01
1.615993753748252271e+00 -1.746007875540046272e-01
1.690604619701033151e+00 -1.735051502469719675e-01
1.762141372630064762e+00 -1.716541740211211808e-01
1.833896687793886926e+00 -1.689252945216419000e-01
1.905851623211728629e+00 -1.661888328906313272e-01
2.010781374159112733e+00 -1.592212230145692298e-01
2.094260171941523030e+00 -1.623026092911626916e-01
2.182504611436652198e+00 -1.663761816294854201e-01
2.254057660396166618e+00 -1.684327609740129406e-01
2.329421211989736840e+00 -1.709440872610787088e-01
2.401102951185464462e+00 -1.731096546187250174e-01
2.472747706700213488e+00 -1.747521755629123374e-01
2.544218346930724017e+00 -1.762638624884433902e-01
2.616001253938854187e+00 -1.774247884906652029e-01
2.687747799664095716e+00 -1.781013336489678522e-01
2.759702574781454754e+00 -1.793009014778764454e-01
2.831475981702113565e+00 -1.802501726191337306e-01
2.906620153887437219e+00 -1.805602014799527477e-01
2.978492276023938956e+00 -1.803907079007357195e-01
3.049938646230091699e+00 -1.797083735299712937e-01
3.126911415031968566e+00 -1.289476833114458487e-01
3.178147222172261976e+00 -6.178870555060882869e-02
3.175025375164377106e+00 2.843335965903774631e-02
3.146777370745276858e+00 9.311028327756588896e-02
3.093755064080075723e+00 1.429553655804067513e-01
3.023885541668311472e+00 2.024406910898813583e-01
2.956255658461241165e+00 2.567131250523888020e-01
2.887130345895201344e+00 3.133103406911502686e-01
2.822637200640635946e+00 3.695968137269042275e-01
2.769996101115121956e+00 4.193723553967989015e-01
2.717587007636988350e+00 4.684662305370510538e-01
2.657858372312689177e+00 5.235783919390651908e-01
2.594520855461259767e+00 5.816864079174038915e-01
2.538871744935946140e+00 6.335559346155698046e-01
2.464246463657305597e+00 7.009170484875090201e-01
2.408599242611533686e+00 7.749504369941392357e-01
2.350820950482542582e+00 8.601863205550515090e-01
2.288106402095461345e+00 9.282973042766009542e-01
2.234287523817948262e+00 1.001732744901306482e+00
2.168669164735305355e+00 1.077471707460518457e+00
2.116339601692162731e+00 1.132970196301981147e+00
2.066638158646894485e+00 1.185910708417867720e+00
2.017330734254922486e+00 1.238498873171135495e+00
1.968234132748187593e+00 1.290940299809721470e+00
1.918646368329523400e+00 1.344047092537033139e+00
1.869356644460056893e+00 1.396887411135890877e+00
1.820377688544478456e+00 1.449446412516780747e+00
1.768603188370056811e+00 1.505129697940910338e+00
1.719612616055674614e+00 1.557925938749724182e+00
1.670731863674519424e+00 1.610665724581130664e+00
1.621730785681119391e+00 1.663620526085324292e+00
1.572223297279006005e+00 1.717000520655854734e+00
1.520986211523704501e+00 1.772263864887236862e+00
1.472100998809335204e+00 1.825058218751613337e+00
1.413930700850179356e+00 1.888083055755482853e+00
1.363993286263968985e+00 1.941000545830777302e+00
1.314385732660753758e+00 1.993320823500063899e+00
1.264957482898632968e+00 2.045515686330104277e+00
1.215007778803850691e+00 2.098362804643973067e+00
1.163120907720890385e+00 2.153291804210078375e+00
1.113746622026739796e+00 2.205609670768769792e+00
1.031463013513485905e+00 2.233708883722126615e+00
9.313436863876389804e-01 2.233030645143252446e+00
8.577786271374875371e-01 2.175545186415291266e+00
8.144109503374072911e-01 2.116362135296200098e+00
7.904203871581051422e-01 2.047934868533926256e+00
7.832565489054983399e-01 1.959997203231151897e+00
7.834236379022652130e-01 1.888922447951360439e+00
7.827078412514906214e-01 1.812998835808815157e+00
7.817661833171395402e-01 1.740708169069558719e+00
7.810379953538600928e-01 1.668285178448964290e+00
7.801656313260414422e-01 1.595853480478079067e+00
7.793881674084706113e-01 1.521257327524174086e+00
7.789085111113110971e-01 1.448904920487813941e+00
7.785144275537850822e-01 1.376380815016732928e+00
7.776607927815554211e-01 1.300628084727563971e+00
7.766415864571253325e-01 1.228204308049755999e+00
7.757371424876020605e-01 1.152676679773117163e+00
7.745795798197006032e-01 1.080136296773620996e+00
7.729480302624345267e-01 1.008156672730440073e+00
7.712775421534070475e-01 9.358693632268264562e-01
7.694840462296199668e-01 8.636825443946892777e-01
7.672328128615465426e-01 7.915688961649858246e-01
7.647125386273670999e-01 7.192000383234959937e-01
7.598531862221533650e-01 6.192042636305735703e-01
7.610497440683990922e-01 5.460465906747686837e-01
7.622730852498346144e-01 4.737000554948482822e-01
7.637018968225726123e-01 3.985797432894713221e-01
7.653613709623602324e-01 3.261321924930046245e-01
7.670600621473481207e-01 2.534416695658713303e-01
7.688485641026490125e-01 1.779682745851884629e-01
7.707737257321177760e-01 1.059302590458378879e-01
7.730746203068287192e-01 3.317779061437729771e-02
7.753938895610549276e-01 -3.912267444402302979e-02
8.054881015578367887e-01 -1.026316249239184603e-01
8.583635587762855623e-01 -1.781987599504769315e-01
9.291580462664740248e-01 -2.043288392600260961e-01
1.022594316149796789e+00 -2.124628373794646974e-01
1.095868843988329289e+00 -2.143072336425593249e-01
1.171030211482974925e+00 -2.155917000293433861e-01
1.242991454777899296e+00 -2.162714356697314211e-01
1.317976658242263177e+00 -2.166437492886849336e-01
1.389239237902688995e+00 -2.166418432528710025e-01
1.461010901501749393e+00 -2.156746731931987460e-01
1.536153758632566868e+00 -2.140343252699813403e-01
1.608543220531790441e+00 -2.126943212585588605e-01
1.683620300127083302e+00 -2.106405240346376218e-01
1.758745196858135573e+00 -2.078433978655359615e-01
1.843606316665832745e+00 -2.042429651416667602e-01
1.932385681322742244e+00 -1.992841384999999854e-01
2.004742548356258869e+00 -2.005879669792325903e-01
2.074903562547536939e+00 -2.017036922528714082e-01
2.146568549706797668e+00 -2.027866035178862436e-01
2.218149277424479759e+00 -2.034423503291820090e-01
2.293293128108072843e+00 -2.035239830710785791e-01
2.365009925099676114e+00 -2.030411957872005346e-01
2.439751001291440513e+00 -2.020995520378518762e-01
2.511327348140365512e+00 -2.003979623696195145e-01
2.583052281001325223e+00 -1.979415752275256735e-01
2.655346253733358086e+00 -1.956073381524125465e-01
2.765247830388279482e+00 -1.879507977432881283e-01
2.837611169073214867e+00 -1.892314714666445685e-01
2.909151972158926291e+00 -1.908451586327434002e-01
2.980738929251947500e+00 -1.922325927599120299e-01
3.052299696308315990e+00 -1.931686280033326486e-01
3.127795151813414609e+00 -1.397898971611010177e-01
3.174768558472238045e+00 -6.689209736828466424e-02
3.181397408281454009e+00 4.090505817744661404e-03
3.165885223259709669e+00 7.672047242972709902e-02
3.099774781244997168e+00 1.429031813022035857e-01
3.040802263650605575e+00 2.115793378922719570e-01
2.972461674017292221e+00 2.726316758544292673e-01
2.915851925184277160e+00 3.404068090912258926e-01
2.865757735145259666e+00 4.119597620988414421e-01
2.813817518643233484e+00 4.934779939382852310e-01
2.756420038105596326e+00 5.728438438334536587e-01
2.706389243724530491e+00 6.238575280777258758e-01
2.656109293095561874e+00 6.758163967375050429e-01
2.606439935338272118e+00 7.273909991888618531e-01
2.556276715908180730e+00 7.792185565556808413e-01
2.617386372499346692e+00 8.432475646018204873e-01
2.672568570893788298e+00 8.896710885178512607e-01
2.728167032651541035e+00 9.363977148133522110e-01
2.783566592059669720e+00 9.829120615419330020e-01
2.848553656554642100e+00 1.037416972984022800e+00
2.902771931890432366e+00 1.083299983848217352e+00
2.958106407090256074e+00 1.130076202406480990e+00
3.022306173651408301e+00 1.184223061248768083e+00
3.077984634909782802e+00 1.231564087818579178e+00
3.135585871113338641e+00 1.280483309859049346e+00
3.198326090588549331e+00 1.340938727740117464e+00
3.250682466690264061e+00 1.390059967533622931e+00
3.303317262536025645e+00 1.439121973364073659e+00
3.361622936472715484e+00 1.378975350333821792e+00
3.435233624879466152e+00 1.297896987543309288e+00
3.508819082720531224e+00 1.234327242579351669e+00
3.569594027746397114e+00 1.165327880626693124e+00
3.636460238180887039e+00 1.108131409955849023e+00
3.686998011530801644e+00 1.056921103096604808e+00
3.739283482313697338e+00 1.002673659643487314e+00
3.789170469814524544e+00 9.508252384356946640e-01
3.839342445926286373e+00 8.984934364041231580e-01
3.889410102790227253e+00 8.461817097745972793e-01
3.977254427008563464e+00 8.020670243535147348e-01
4.064184825395694034e+00 8.155152024396760124e-01
4.131140839986106705e+00 8.692791233649415084e-01
4.199143168870008935e+00 9.251648053963601459e-01
4.270544371340238676e+00 9.773771081888505963e-01
4.345860825366187008e+00 1.028295985402728041e+00
4.426342391185142944e+00 1.096870991299618181e+00
4.476379677619605424e+00 1.148838420146250483e+00
4.526185820723505948e+00 1.200564985193436573e+00
4.576235173480124985e+00 1.252300976773686791e+00
4.626445524005416310e+00 1.304076451266203973e+00
4.679547228150431337e+00 1.358736416712693185e+00
4.732136241331227566e+00 1.412719221717668061e+00
4.782388176286971770e+00 1.464195428660328702e+00
4.833223308945489016e+00 1.516122577253835813e+00
4.884627790992801977e+00 1.567844802720988806e+00
4.935562635728542702e+00 1.618568987121143055e+00
4.986898799088544720e+00 1.669571234284943584e+00
5.038080209083241279e+00 1.720294310853031972e+00
5.089186107135241777e+00 1.770837308494541240e+00
5.140628630912831731e+00 1.821603801118201194e+00
5.192445031378570164e+00 1.872640465788015129e+00
5.219394520618565458e+00 1.940372738672943020e+00
5.208961756883666361e+00 2.049438310343772773e+00
5.172421525428275046e+00 2.137714915350628075e+00
5.114574055704801836e+00 2.178662172049779855e+00
5.038472596093324540e+00 2.210910396695746183e+00
4.970124267965384313e+00 2.235201876554856248e+00
4.902141987030177894e+00 2.260269812020865743e+00
4.820822643106148497e+00 2.290951840063236933e+00
4.753545864566408596e+00 2.311548472639354479e+00
4.684601905156448254e+00 2.332933176691399879e+00
4.612252673397921221e+00 2.355450760814227440e+00
4.541016540850732142e+00 2.378122054331086144e+00
4.472405790328104480e+00 2.400808091499980090e+00
4.403844351102531363e+00 2.424069320151637896e+00
4.332238332250346602e+00 2.448182925153465028e+00
4.263805243113390375e+00 2.471506347128704650e+00
4.192581442797139069e+00 2.496455718561150228e+00
4.124333568693121066e+00 2.520481670928477858e+00
4.053838560723741047e+00 2.545741960454888542e+00
3.986068309511895613e+00 2.570880818782133481e+00
3.906438249854350175e+00 2.601034488721842841e+00
3.835782703485376643e+00 2.625790594601024264e+00
3.767810816466509838e+00 2.649818366944681092e+00
3.699780060430884365e+00 2.674420011402431019e+00
3.631916603616852424e+00 2.699234214992599856e+00
3.547632504845475765e+00 2.732953378295769120e+00
3.446879356972865960e+00 2.778076273983264510e+00
3.366234954506616361e+00 2.816420240330241409e+00
3.283441381363843004e+00 2.859314280724777557e+00
3.204037263439999617e+00 2.900688978916293070e+00
3.124729100777384527e+00 2.941772527558687234e+00
3.040537152176205016e+00 2.984009778555890779e+00
2.956403494788895525e+00 3.022883255797969682e+00
2.859869667192000531e+00 3.062520345157861090e+00
2.769629307441095811e+00 3.086062660239488498e+00
2.697707241418958457e+00 3.111512685210575224e+00
2.629505850866990624e+00 3.135711355803108447e+00
2.561787738039751350e+00 3.159846370223774237e+00
2.490732489452907927e+00 3.185631816810768679e+00
2.423035847556147093e+00 3.210735166042850253e+00
2.355454618728342275e+00 3.235868242839998743e+00
2.263755493204475222e+00 3.272271096749539421e+00
2.172312320519616424e+00 3.293022031265166572e+00
2.082928412651420036e+00 3.307810471257000451e+00
2.012475889212914648e+00 3.308242705390434857e+00
1.941892133375447971e+00 3.292314370029179482e+00
1.861983890042396395e+00 3.252608742097151229e+00
1.809123472908503061e+00 3.199670254714970685e+00
1.768006699612380661e+00 3.139652173263688617e+00
1.750963855782869949e+00 3.054096525843702281e+00
1.754156789573853681e+00 2.983309299189909058e+00
1.778896474656300963e+00 2.914651753028878467e+00
1.824130843488646958e+00 2.833497060438268988e+00
1.885429731146971655e+00 2.796637590892809833e+00
1.939638316833197873e+00 2.749861084465450745e+00
1.990788991898418736e+00 2.696479970478098398e+00
2.041059135493006771e+00 2.646565976246904484e+00
2.094586940803586206e+00 2.594127026591083407e+00
2.145526536033264264e+00 2.545471533281506105e+00
2.217711175500018062e+00 2.480348282815236782e+00
2.273840310492125205e+00 2.408820553451334945e+00
2.334076824892686641e+00 2.322132772234901221e+00
2.385895543473620872e+00 2.271706071352140643e+00
2.437190687725655280e+00 2.221853976372365036e+00
2.488597838925679984e+00 2.172719902114762736e+00
2.543221697241603962e+00 2.121762012847524748e+00
2.595418902332005562e+00 2.072370665092484909e+00
2.647212278562642407e+00 2.023909161773172816e+00
2.726521475554060991e+00 1.952755015228867297e+00
2.785235221866064315e+00 1.876853508884508193e+00
2.839922546972739603e+00 1.797013827293810539e+00
2.900526266397919439e+00 1.715483070233867036e+00
2.953163924179673661e+00 1.666604607014446238e+00
3.005899068562911225e+00 1.617605239584027244e+00
3.058416963023615764e+00 1.568651493829447796e+00
3.111421740916071599e+00 1.519327092977092564e+00
3.164239038582794983e+00 1.466130834127627569e+00
3.216366055720540462e+00 1.411740469616900473e+00
3.268453409633910400e+00 1.357322582757566121e+00
3.318516500121908130e+00 1.305128093648106669e+00
3.368465632183235581e+00 1.252979229958653740e+00
3.418068007007426079e+00 1.201052456149881875e+00
3.468112913650814644e+00 1.148844947791116455e+00
3.518204437012748986e+00 1.096337150060727073e+00
3.567357606089993194e+00 1.044059961896831590e+00
3.619003592095912492e+00 9.890749813353967301e-01
3.668547478652030680e+00 9.362150406441522854e-01
3.720069919981237927e+00 8.808797518432495144e-01
3.768923964014223582e+00 8.282790923848505349e-01
3.818374982490397418e+00 7.752202290384636596e-01
3.908226145531725315e+00 7.337641294577492701e-01
3.979692381173878246e+00 7.306881743088876613e-01
4.049748153385072769e+00 7.427973383566113252e-01
4.141162047455847706e+00 8.009162723182725596e-01
4.205936213068200757e+00 8.662355891656139395e-01
4.273578998514214966e+00 9.290092074858377069e-01
4.344381123524308386e+00 9.826874021860600994e-01
4.434113385711655475e+00 1.043362105139839624e+00
4.487236492594490755e+00 1.095688427814471844e+00
4.538619339888399828e+00 1.146203291466691310e+00
4.592450977172203075e+00 1.198973576972444111e+00
4.655728706583937004e+00 1.257705667774125402e+00
4.719033245934701526e+00 1.327557522442837978e+00
4.787218376359556160e+00 1.385179814760709949e+00
4.856196226389033477e+00 1.435620112620747957e+00
4.931344364063776631e+00 1.487363251755865701e+00
5.011533961062338172e+00 1.540710768012437448e+00
5.094376126083411727e+00 1.600453431397515391e+00
5.142912601179945753e+00 1.651109461594082672e+00
5.193519598173161000e+00 1.703090279170671906e+00
5.243939825444407177e+00 1.754491331415455768e+00
5.294118224922721438e+00 1.806280500487643659e+00
5.319022239506260519e+00 1.873094863694980461e+00
5.335566344156758234e+00 1.971588102451482527e+00
5.322914846250452747e+00 2.058550079144968237e+00
5.291546654985423537e+00 2.127436017992000661e+00
5.227930547447058984e+00 2.191663844303810560e+00
5.159769103418626379e+00 2.245433461187603896e+00
5.073565504652411740e+00 2.275207179329457485e+00
5.005491893191210906e+00 2.298474574361343947e+00
4.938756513944491111e+00 2.322868163602046732e+00
4.932212782323953881e+00 2.417143221924327623e+00
4.940287016909062245e+00 2.487908713741941558e+00
4.948619784886169271e+00 2.559549974462622224e+00
4.957763750067607944e+00 2.634155195576244335e+00
4.967237440211836663e+00 2.705784432442624787e+00
4.977151296200453601e+00 2.777304904505485617e+00
4.987539802945653911e+00 2.851890715578012880e+00
5.006165223141054277e+00 2.954345582965643313e+00
5.006165223141054277e+00 2.954345582965643313e+00
