1.811981201171875000e-05 5.830951894845300743e+00
8.107797384262084961e+00 5.737387386214045648e+00
9.714260339736938477e+00 5.634284943878519414e+00
1.105578780174255371e+01 5.533672295320529066e+00
1.216644048690795898e+01 5.461253200630820537e+00
1.294207358360290527e+01 5.389602189489526296e+00
1.364980697631835938e+01 5.317657260252135920e+00
1.442383313179016113e+01 5.245564389637940472e+00
1.513044023513793945e+01 5.172981086204846868e+00
1.587117385864257812e+01 5.100874783891677033e+00
1.661195969581604004e+01 5.029078336268641536e+00
1.735151243209838867e+01 4.956373118035411807e+00
1.809430193901062012e+01 4.884094980371962436e+00
1.886875343322753906e+01 4.812720777217760038e+00
1.964428424835205078e+01 4.737123689352051414e+00
