8.731684704861118751e-02 3.636063965339442899e-02
1.803741449739223179e-01 8.171738065342265545e-02
2.630285481399428638e-01 1.394702350332391871e-01
3.237801075024258068e-01 1.789622408747598981e-01
3.847179289612829289e-01 2.166597107613897066e-01
4.462243296761775335e-01 2.539836340838975137e-01
5.078320150002865185e-01 2.914261021007239494e-01
5.697637577289713651e-01 3.292809664995927643e-01
6.312957220025428029e-01 3.668751468362387302e-01
6.925535384976476694e-01 4.043240006469546177e-01
7.545485636411456420e-01 4.423103028900048916e-01
8.161890637579697350e-01 4.800575746505263974e-01
8.770792810490133373e-01 5.172986436729452020e-01
9.415275254958387352e-01 5.568172352620740506e-01
