3.075599670410156250e-05 5.830951894845300743e+00
6.460914373397827148e+00 5.732079307573346050e+00
7.535131931304931641e+00 5.643379808538046660e+00
8.408555269241333008e+00 5.566907207919070011e+00
9.148658514022827148e+00 5.495493257515379426e+00
9.921748161315917969e+00 5.420680607887343072e+00
1.066038846969604492e+01 5.348873138085484591e+00
1.143108463287353516e+01 5.277405614110011633e+00
1.223675894737243652e+01 5.196470194833669787e+00
1.334484314918518066e+01 5.106893468417053050e+00
1.418736958503723145e+01 5.035141621156307146e+00
1.492944717407226562e+01 4.960220999286942600e+00
1.570408201217651367e+01 4.885420995207862660e+00
