9.223953441573899681e-02 3.847667563486964482e-02
1.664323042362390037e-01 8.720769812128097154e-02
2.318975782195110691e-01 1.267344089011994968e-01
2.930470612788714790e-01 1.636219969719258094e-01
3.568371486499952727e-01 2.027125659723152951e-01
4.176561435420899082e-01 2.409116308978237475e-01
4.777289531352230112e-01 2.796921875404571600e-01
5.454615416479557943e-01 3.241095671053208505e-01
6.202387782141322026e-01 3.735856119223081029e-01
6.826070910925294832e-01 4.090986867084147605e-01
7.475573824955341617e-01 4.464682992766808023e-01
8.121092034769642476e-01 4.842677056539904656e-01
