9.194212849012466104e-02 4.133833851608149229e-02
1.520170402960889511e-01 7.906511812102057224e-02
2.271760197056470199e-01 1.279668313595970774e-01
2.974865680833614356e-01 1.730315773818024150e-01
3.623230320828453865e-01 2.134802111631589894e-01
4.448936817570787183e-01 2.668154487634565308e-01
5.058584682761390061e-01 3.038576756172440829e-01
5.695955811659230150e-01 3.431404457138262365e-01
6.428131013673309413e-01 3.892638900161908277e-01
7.046372328306926835e-01 4.279197702671280745e-01
7.661965927988008129e-01 4.656905761292007839e-01
8.389441750097462736e-01 5.129350451244387710e-01
8.311358289247363640e-01 4.251970223647999481e-01
8.229855964080079467e-01 3.260432608194224202e-01
8.227561658758834051e-01 2.528720500294939222e-01
8.216697354222763927e-01 1.806453514410040206e-01
8.197863913532079660e-01 9.410185239268811785e-02
8.180132234394300594e-01 1.178172079487240301e-02
8.202213396023012582e-01 -7.978018518119736613e-02
8.674016831698858621e-01 -1.351772754493693884e-01
9.487102196291425926e-01 -1.671262361291499243e-01
1.038596525784867497e+00 -1.757788315013896208e-01
1.126343589175539117e+00 -1.860559262412676551e-01
1.217708976284131106e+00 -1.964257125092976619e-01
1.314195247885906692e+00 -2.068015950564550676e-01
1.429038724272172711e+00 -2.124087458544903217e-01
1.527146310605363544e+00 -2.083908393436345596e-01
1.628502444084713785e+00 -2.028167375776098458e-01
1.737270721446749766e+00 -2.012730862883867766e-01
1.809549948849778156e+00 -2.006963199907313700e-01
1.895004114287496044e+00 -1.986116392287285426e-01
1.980829122110485674e+00 -1.968004465576424777e-01
2.053252978821241470e+00 -1.955274905331144397e-01
2.149668284678128316e+00 -1.928428597408001210e-01
2.244141797570630814e+00 -1.906393992801429516e-01
2.341059631736240654e+00 -1.883741283568209357e-01
2.444355622717257592e+00 -1.859493256332749311e-01
2.563588425298179985e+00 -1.829324037923292234e-01
2.675347054168531358e+00 -1.804643957475805249e-01
2.748508272021201293e+00 -1.790380422052951503e-01
2.837350545021746662e+00 -1.770526719138719174e-01
2.923745954831837413e+00 -1.750589767799067831e-01
3.008851466224980342e+00 -1.732568102322033232e-01
3.074502753431421542e+00 -1.485232752598762418e-01
3.134293632510567917e+00 -1.042993614723824458e-01
3.163062905929837410e+00 -3.917649878484407572e-02
3.154784966755877385e+00 6.668091573323850496e-02
3.101186051120030207e+00 1.321248971116989468e-01
3.041369386199382685e+00 1.958468698824756826e-01
2.969918610473591958e+00 2.713802150944313873e-01
2.897549870600218291e+00 3.346073650863339299e-01
2.823330889902643470e+00 3.952049997593696795e-01
2.747500269722578548e+00 4.570735162928518114e-01
2.671115984974839375e+00 5.204319316883914137e-01
2.593099616514075390e+00 5.844288595044149215e-01
2.529990587381290013e+00 6.572784216538127833e-01
2.459164552466064357e+00 7.132202840438134350e-01
2.391712408072991902e+00 7.741771861796724608e-01
2.323802395519000363e+00 8.345465649203467340e-01
2.254542081765614103e+00 8.935012509086930343e-01
2.181721768794726124e+00 9.495340185519626219e-01
2.094756426292660567e+00 1.013021727421965723e+00
2.043523185751511928e+00 1.064183984631666746e+00
1.980084811061122441e+00 1.124044278029415089e+00
1.928218327225804885e+00 1.174976552047906297e+00
1.876715969350091218e+00 1.225172677283637990e+00
1.822978897805041631e+00 1.277138011710096555e+00
1.771416027513724067e+00 1.326729330682475450e+00
1.699541066358658536e+00 1.394220137435345563e+00
1.641348847441707726e+00 1.471386817033156547e+00
1.582650754096251555e+00 1.552902997268544416e+00
1.521707705953817547e+00 1.632430885382306851e+00
1.470071066970298546e+00 1.685264587149010840e+00
1.408304092725514156e+00 1.749987239336217026e+00
1.345104191930915238e+00 1.809808107872224126e+00
1.281755952906809881e+00 1.870418675488290994e+00
1.229991027228067413e+00 1.921515120289752021e+00
1.178523905890941581e+00 1.972242201006978668e+00
1.126970160571676649e+00 2.023358823174846943e+00
1.073997569187420176e+00 2.076749210647245381e+00
9.939530297833448769e-01 2.119078761060221971e+00
9.037251724429513633e-01 2.083899818517430003e+00
8.559952932812363580e-01 2.008942845838436853e+00
8.742354177101556711e-01 1.940530553643440959e+00
8.766054598533643549e-01 1.864415834550424256e+00
8.785817978838602604e-01 1.780452444337188078e+00
8.798671258968540076e-01 1.706465137572610979e+00
8.797949515890274297e-01 1.636261394499755495e+00
8.806961630755980597e-01 1.565612623542127269e+00
8.836625880693138591e-01 1.477764781904035374e+00
8.780468301952643051e-01 1.387586884063841230e+00
8.770482522637806921e-01 1.312255560692021650e+00
8.773932258278424046e-01 1.241931312473895099e+00
8.797690773730205693e-01 1.148368267861033631e+00
8.799367382914675684e-01 1.078264733924133134e+00
8.810308891155727018e-01 1.007033285531010236e+00
8.835202684342421398e-01 9.179265481932858961e-01
8.849229626405743510e-01 8.418526268377293231e-01
8.868883851894749926e-01 7.493844424285732719e-01
8.834955383102943705e-01 6.598596393863336296e-01
8.752879343915790367e-01 5.760595996640776040e-01
8.666872948723428616e-01 4.907177626463227749e-01
8.597340642318223036e-01 4.067969374986162845e-01
8.525824962021986142e-01 3.049326716001422022e-01
8.459665692414061189e-01 2.122552407396651186e-01
8.380532549825863153e-01 1.202500188252984548e-01
8.256454520521235851e-01 2.786018201171184053e-02
8.124564035473710311e-01 -6.848157259604839564e-02
8.741742357138989616e-01 -1.355976514132635202e-01
9.478737496132065843e-01 -1.799272148107454172e-01
1.036478229667782358e+00 -1.710811561569693384e-01
1.128116533849937042e+00 -1.614397421998040594e-01
1.225106575033939604e+00 -1.528744065393310425e-01
1.329896993842890396e+00 -1.478612371902363887e-01
1.444245270420331240e+00 -1.454323728095845980e-01
1.537039519695284628e+00 -1.432288900269630960e-01
1.607722880622729278e+00 -1.433812733087320435e-01
1.681773396715112723e+00 -1.424001706816998836e-01
1.768369177825371175e+00 -1.395195329557898933e-01
1.839530554566788156e+00 -1.407670771733225135e-01
1.911117727857096549e+00 -1.410956194707181088e-01
1.981920695458827320e+00 -1.400714926796323145e-01
2.070518932898555597e+00 -1.378278455776559830e-01
2.162987654854351849e+00 -1.307282569171542563e-01
2.266468429399502327e+00 -1.259588563600050337e-01
2.377041681219566271e+00 -1.298947016070697014e-01
2.473517650626471109e+00 -1.263493637685103588e-01
2.579451250829674525e+00 -1.219246641848094198e-01
2.680527496426084344e+00 -1.162622818882174947e-01
2.781045035750404182e+00 -1.093970067918019484e-01
2.884820441742922181e+00 -1.040591741359695732e-01
2.984286571176801850e+00 -1.006831782951261994e-01
3.078672257062007755e+00 -1.037469340515213834e-01
3.125714461832930446e+00 -3.370962725143731437e-02
3.122456072009634820e+00 6.613980584875624180e-02
3.065622259174438202e+00 1.457300215161609902e-01
3.007765300151789223e+00 2.243511739982622100e-01
2.948098454402413360e+00 2.979822370699811707e-01
3.003357541739244407e+00 3.649132131190013228e-01
3.053682275996727924e+00 4.371339791234181704e-01
3.111186570998685674e+00 5.033162855109714062e-01
3.153986029979955141e+00 5.614671713287306964e-01
3.198654263029799605e+00 6.208437971017188861e-01
3.256483886491044810e+00 6.928450534326295873e-01
3.306030609447713875e+00 7.662410689539279618e-01
3.362407617866025600e+00 8.345820236633421096e-01
3.411507149196772559e+00 9.054331047920821662e-01
3.453657812707676467e+00 9.613954043738277555e-01
3.506046713083985189e+00 1.033976837933911819e+00
3.551192785356971360e+00 1.092819936712035478e+00
3.607252008679640909e+00 1.161368487787228787e+00
3.663277198644790289e+00 1.093690304788319967e+00
3.725688769524162947e+00 1.016965221298278266e+00
3.788538605890499067e+00 9.364001082404133092e-01
3.850438248749980197e+00 8.776556064450097283e-01
3.903937976281937061e+00 8.096372958564392874e-01
3.990737664411428298e+00 7.922596477200619658e-01
4.060648563164484415e+00 8.105298532970790504e-01
4.120176869646196671e+00 8.498837474467061393e-01
4.178022159966941373e+00 9.147175092870648561e-01
4.231350034690897211e+00 9.693015870149073177e-01
4.283180647229621663e+00 1.022895674115514408e+00
4.354110123978718327e+00 1.103120088153579204e+00
4.405407818934808262e+00 1.156462761159811947e+00
4.462681402680889420e+00 1.216786712641552137e+00
4.513715893466517137e+00 1.269102170211206415e+00
4.565797308952632250e+00 1.323086667154533602e+00
4.624920851407046563e+00 1.385361893455292925e+00
4.685334320440875722e+00 1.440978484085073452e+00
4.746724657278693194e+00 1.498437054936896162e+00
4.798417299941838188e+00 1.549047270038947266e+00
4.851658361146509613e+00 1.601645419274758897e+00
4.914656783565116704e+00 1.668569741106081139e+00
4.983625257995144331e+00 1.722626666648626959e+00
5.063117638908141593e+00 1.775411920050614878e+00
5.141416513688532142e+00 1.834954049968930523e+00
5.204598154136025556e+00 1.902044209934294461e+00
5.216913769739781159e+00 1.986450701670697816e+00
5.200448510389684920e+00 2.056533440253647260e+00
5.157205374332754388e+00 2.127803439030244714e+00
5.091951780006914952e+00 2.187319062028561412e+00
5.005335896591918576e+00 2.203341921347354404e+00
4.924787546120636961e+00 2.232404561923365005e+00
4.857904801819049823e+00 2.253798657397747096e+00
4.789523550471941782e+00 2.276204110048402285e+00
4.720717013222290426e+00 2.299446662043601819e+00
4.652498823632427616e+00 2.322846615722565566e+00
4.584449955126635778e+00 2.346172079857836490e+00
4.501853838549727982e+00 2.375959722128675899e+00
4.432148910887579341e+00 2.398253726710870115e+00
4.359943937957182492e+00 2.420950820227379729e+00
4.291282183392421956e+00 2.442496669496187156e+00
4.219275937254767683e+00 2.465681249180054380e+00
4.147383226993172300e+00 2.489445589253601376e+00
4.078788014295287923e+00 2.511991511700391477e+00
4.007215012761905726e+00 2.535816688460988289e+00
3.938881810865062505e+00 2.559114919876769090e+00
3.867452486810738499e+00 2.583684430827531742e+00
3.799340826680111416e+00 2.607070379649228276e+00
3.713543566133284290e+00 2.637482087321576518e+00
3.627946179591446274e+00 2.661416025893124093e+00
3.541831117737806345e+00 2.687742984169632532e+00
3.458617913514436815e+00 2.717436889109298370e+00
3.388181377660252291e+00 2.739542515758781160e+00
3.319412826125920368e+00 2.761305254966443190e+00
3.250673905858332713e+00 2.783672348484314440e+00
3.182010624134919752e+00 2.806434894844906491e+00
3.114360548926926153e+00 2.829344138405853748e+00
3.046218559030319017e+00 2.853173317091575178e+00
2.963839857202767547e+00 2.882734337260964619e+00
2.894176464893027489e+00 2.905276590146147697e+00
2.822695842181305981e+00 2.928722024955245473e+00
2.754091344333500668e+00 2.951832243603438322e+00
2.682598377614325180e+00 2.976551356017823835e+00
2.614780459291959236e+00 3.000258962792570205e+00
2.512470384484339903e+00 3.039880164857963418e+00
2.444113799646882690e+00 3.062372416663656338e+00
2.375764793653277085e+00 3.084884528041360596e+00
2.303667781278725624e+00 3.108741704437128384e+00
2.220666395798786219e+00 3.140819955759423188e+00
2.134378740109482919e+00 3.176234211428812237e+00
2.057952286369609585e+00 3.211084351918924717e+00
1.961298435155093278e+00 3.218361936188247174e+00
1.889099439883311637e+00 3.172647947771240595e+00
1.832566259859394586e+00 3.109132952584562570e+00
1.812625368289251693e+00 3.026524713207543460e+00
1.819428662157657195e+00 2.955673620835513216e+00
1.879191059397336216e+00 2.873194535298288166e+00
1.939683446632610497e+00 2.807638378628850795e+00
2.013531647059792817e+00 2.738373386644017415e+00
2.069486135751304356e+00 2.666585669027933925e+00
2.132030626387215300e+00 2.577855400683118692e+00
2.189822494567100541e+00 2.517851382766221668e+00
2.248022258363359782e+00 2.453437021678688712e+00
2.299982442715602371e+00 2.385475716898616927e+00
2.356676497310815410e+00 2.313130467424328263e+00
2.407855768696747223e+00 2.260801190491924295e+00
2.457721312819026060e+00 2.210828960614316330e+00
2.508677634415302116e+00 2.160685425146589012e+00
2.562445712949998011e+00 2.108437058402721220e+00
2.614221711882611210e+00 2.058137422169239450e+00
2.674578716252198785e+00 2.000437077850605760e+00
2.726916896088369846e+00 1.949945853209622326e+00
2.794199912502469907e+00 1.885834155303810489e+00
2.870542707712570252e+00 1.821095564291338231e+00
2.942618368061372891e+00 1.755960717227835532e+00
3.022441951262024418e+00 1.692468477218521672e+00
3.073934564377243106e+00 1.641760567476840738e+00
3.138092681261944961e+00 1.580712109942657762e+00
3.194925998332095674e+00 1.516731533098957696e+00
3.251465317099005770e+00 1.454936967577033613e+00
3.301901731054519562e+00 1.405383321675956143e+00
3.353317903862164329e+00 1.354474503538638297e+00
3.404702674291591347e+00 1.304263044015685047e+00
3.463385915265008386e+00 1.247887869517548598e+00
3.527105344774931428e+00 1.181573390091346543e+00
3.595940753928780431e+00 1.123628346386144283e+00
3.666727820186550968e+00 1.067148606220665430e+00
3.739864645832974510e+00 1.010148354778241719e+00
3.817904327741017845e+00 9.525429797454737502e-01
3.899927271784372262e+00 8.914535320048360134e-01
3.965229614277548720e+00 8.560446014801764703e-01
4.036763224998776600e+00 8.579080491093800109e-01
4.100350683257538265e+00 8.914310832295224696e-01
4.150182003268245268e+00 9.715264883406306007e-01
4.219486054457336266e+00 1.027880618843893146e+00
4.294162032296621412e+00 1.079562317424215934e+00
4.376886360345622506e+00 1.138402367278026128e+00
4.449991447821780355e+00 1.198550444781609103e+00
4.526706193187502336e+00 1.250270603317420015e+00
4.602549966376959567e+00 1.307917995255257537e+00
4.677183178722830625e+00 1.362777901562323146e+00
4.755964131652673288e+00 1.428389093728851256e+00
4.850909222040879598e+00 1.515476460503097256e+00
4.912655410212823703e+00 1.589481486154650014e+00
4.975017842376491473e+00 1.671369758987473642e+00
5.043770171170547378e+00 1.732775328010166538e+00
5.104509925150264138e+00 1.807131506297235957e+00
5.167064603492286246e+00 1.877451618693545266e+00
5.202378983475272278e+00 1.959563402281731648e+00
5.193777047045974093e+00 2.031560595823231452e+00
5.158958538004148942e+00 2.110996437552392635e+00
5.090247605445152423e+00 2.161902478435236752e+00
5.003277884678436926e+00 2.185501920606796045e+00
4.918024886911898541e+00 2.219381923014105418e+00
4.925344484457189864e+00 2.305716754913119004e+00
4.934023048685944879e+00 2.377081169638878055e+00
4.946396866737040376e+00 2.468652547058349356e+00
4.953601778608740069e+00 2.561276412360134369e+00
4.957910483209697183e+00 2.658649011926421224e+00
4.966855002782820883e+00 2.732102826667254014e+00
4.975832667573188317e+00 2.802550646161559467e+00
4.985745292238643600e+00 2.877278454520797446e+00
4.998567004637814115e+00 2.969323892797294473e+00
5.000000000000000000e+00 3.000000000000000000e+00
